-1.000000000000000000e+00
-7.367496450631619842e-01
1.654664892218375982e-01
5.341671276239357002e-02
1.811123852859203853e-01
4.111958216415808609e-01
2.616563682503181276e-02
-1.843695648979931656e-03
-5.806577276976975233e-01
3.846887954338544524e-02
-1.000000000000000000e+00
-3.356354603951207105e-01
-5.733815309690597495e-01
1.392421486528301888e-01
-1.188751278127769262e-01
-9.353393509795696059e-02
8.360845853927059701e-02
5.450885266597211842e-01
-7.403385934801191004e-01
-3.975851545116648733e-01
2.215728410867562059e-01
-9.293242294390627323e-02
5.952870462191338641e-01
1.288803865504093427e-01
-2.476740358137718145e-01
4.746309993166514252e-02
2.966318770545895989e-01
-1.000000000000000000e+00
1.710317790192447673e-02
6.369019661280914679e-01
-1.527067206730690907e-01
-2.769018921270496175e-02
-1.000000000000000000e+00
1.293132688210322789e-01
8.196300233049260697e-01
2.821839052179583862e-01
2.740305463945811315e-01
-1.000000000000000000e+00
-1.000000000000000000e+00
9.540856131665187423e-02
3.121272401576000166e-01
1.384212800644622071e-02
-2.017228720029557165e-01
-4.639962075319363777e-01
1.000000000000000000e+00
2.627970401836545733e-01
-5.691295426233918819e-01
6.166002644817754064e-01
4.290724309415172022e-01
-7.829163304490240061e-02
1.342978332745098369e-01
2.356214811046558055e-01
4.339514819952119407e-01
-1.676439808643559737e-01
9.179059663689623783e-01
4.687717571374705461e-01
-1.028087281744846926e-01
8.126492758645483816e-01
1.000000000000000000e+00
4.096838865496996718e-01
-9.828517352121535211e-02
-2.511760920732745705e-01
-4.247875480577426588e-01
-1.000000000000000000e+00
2.316874458267762504e-01
-5.658868163006725016e-01
6.788127458583891327e-01
-8.055542078106607828e-01
5.031956893866402769e-01
8.154691432036623722e-01
6.401911441219378940e-01
3.282585334814934197e-01
5.292525158842515953e-01
-7.559462518355695160e-01
-3.027308484610240491e-01
7.643099981039375157e-01
-2.963046521137872591e-01
-5.786460938266160814e-02
5.595582008437127719e-01
2.855232352892919656e-01
5.402400244137465224e-01
-2.744928714247381607e-01
7.965010661121418867e-02
-3.937987090213443397e-02
-1.000000000000000000e+00
-7.212193486543142518e-01
2.530273428254262158e-02
2.156779155227127043e-01
4.654411289824583742e-01
-1.000000000000000000e+00
-4.325136932186607885e-01
2.967963232147031172e-01
-2.803482256319944632e-01
-3.311906045164115242e-01
-5.412934924872920828e-01
6.017543233909121714e-01
7.761005304789961867e-01
6.467623465675991223e-01
4.191354950892866027e-01
8.530172304685418316e-02
1.803515427620487610e-01
-3.984916003821829811e-02
1.805867379924110394e-01
1.018476705215181632e-01
-1.115538568570733913e-01
-6.676855785585564806e-01
2.346846866269440279e-01
-1.000000000000000000e+00
-1.939588251379910089e-01
-3.650988946795588608e-02
1.126986209714005704e-01
2.443310637533621099e-01
5.794399406179696899e-02
-6.594863246932073375e-01
-2.533389477920982569e-01
3.697038898214769498e-01
4.758320412179480319e-01
-3.648545135142879925e-01
-4.587266884574705550e-01
6.070691265412553328e-01
2.808283464917357142e-01
-4.718012455439546948e-01
-8.809281271140895209e-01
-1.480572463549558460e-01
-8.092674076563492747e-02
1.206897108788019257e-01
-5.224196970113647032e-01
2.165237196661694841e-01
2.174416395591149687e-01
2.374339102217395692e-01
-3.687916913453028189e-01
4.161733870643289923e-01
-1.751256437935728716e-01
-5.844461785513806185e-02
-6.330109522395092891e-02
-1.656419285960440968e-01
-3.970586861650607924e-01
-2.994042649056343208e-01
-4.255363959571994426e-01
-8.236346808625654159e-01
-1.937075309926532540e-01
-4.463267017045333684e-01
1.000000000000000000e+00
-1.018238710397134927e-01
6.959451667141637321e-01
2.751438731198055376e-01
3.410134531594741780e-01
3.758411898987147337e-01
2.764275801813930178e-01
1.024949096660117409e-01
1.000000000000000000e+00
-1.000000000000000000e+00
6.242220396883286782e-01
3.285233297849118328e-01
-3.281746943711971176e-01
-1.381639990958182795e-01
5.827231463275487355e-01
-9.249547386126211190e-03
4.221365003595295429e-01
-1.000000000000000000e+00
2.290786639943650504e-01
5.251807593655027917e-01
-4.754406821501132585e-01
-2.609227086456517020e-01
2.942701595860622854e-01
-6.714093301506282585e-02
-8.442773593935548604e-01
3.775627380048654502e-01
-3.603644828334384709e-01
4.463267017045333684e-01
5.644614001990355678e-01
8.368571687691847005e-01
-3.430390886635399372e-01
-3.979365586567840118e-01
6.657327342733909692e-01
7.009390601087218675e-01
-3.014233118593604432e-01
-1.643678189935492695e-01
-1.000000000000000000e+00
-7.767967730091703826e-01
5.444769362132837465e-01
2.899203454600770002e-01
-9.346553222591549304e-01
-5.089233138590625316e-01
3.594681132347691821e-01
-5.873859040328198444e-02
-2.484725601296781661e-01
3.709738311932566646e-01
-3.100139607134250186e-01
-7.994004212579096658e-01
1.265743599754176885e-01
-3.179693296605660691e-01
4.025574593202553841e-01
-4.463267017045333684e-01
-2.424895933039771800e-01
-2.627546906027820039e-01
-2.838756566218024191e-01
-1.000000000000000000e+00
6.856950262258376672e-02
-1.000000000000000000e+00
3.002489962814797186e-02
-1.000000000000000000e+00
-4.062167484657023264e-01
6.858902717016830408e-01
-2.850229157367120680e-01
-6.611276991855146168e-01
-6.126896275722799601e-01
2.671817084503046169e-02
-4.259977956253977460e-01
-4.497259297529381250e-01
1.000000000000000000e+00
5.825796609908239221e-01
5.190030634093871775e-01
3.953567656756246662e-01
7.016816100770176812e-01
-1.000000000000000000e+00
4.025183921609484794e-01
-1.300904460138825325e-01
1.000000000000000000e+00
3.496173041680060711e-01
2.286762920271226407e-01
-7.543744667301359730e-01
5.014823157377252399e-02
-1.356115724475908113e-01
8.594612076395788947e-01
-5.408213503692118618e-01
6.254337058820029771e-01
-6.645033192516527354e-01
-3.547460527895213850e-02
-5.768105365288096475e-01
-3.116085342750989917e-01
1.666305283819644045e-01
1.000000000000000000e+00
-4.923815818281538359e-01
-4.710432627696219815e-02
-4.617660881970495623e-01
5.004977020767229501e-01
-1.195158222085310890e-01
-4.503019253601387994e-01
3.254316666993699592e-01
-2.504038475313479228e-01
-6.753608481859927348e-01
-2.075285788100879325e-02
-1.418984690481223387e-01
3.630598067214579339e-01
-4.554689504180359227e-01
-5.542781733912747200e-01
-3.654078779228208118e-01
4.629741990279970798e-01
-4.173869287257991334e-01
8.990187841567880422e-01
-1.846749127653626310e-01
-4.912635031932064966e-01
4.571887709627994734e-01
4.733095969882170628e-01
7.852911954112490323e-02
-6.040544053403256175e-01
3.106802918439514061e-01
5.713884794885390472e-02
-2.102877380416161568e-01
-3.318647601284279158e-01
-3.874903782942605290e-01
-6.502305144761568734e-01
1.000000000000000000e+00
-3.885785204578735136e-02
